115938553
264465600
176325482
246095028
161141712
139374223
266151360
190647723
180963145
103788804
90348926
140247630
3167020
106228761
132667916
152065669
146480433
260559119
267713578
87691174
281357094
150012052
263560314
226144944
241694911
97608147
254504515
202093033
208127068
222978403
190513638
106890400
106512277
52957395
32347781
257127186
103946591
214051496
101564409
221828781
179978375
118208388
206814828
255670305
195651268
217750191
235441383
191353458
260379911
134025112
220647586
205816573
232292303
171574229
149446532
92270080
263871611
240200202
293852635
191442464
223404066
98097025
238773538
172389011
244766249
223512505
226993126
193084376
249711025
253162166
98759839
95562048
134139736
258527508
96635133
247315094
287244121
228842947
83219327
82629493
286814416
110197507
206637124
115442858
141334117
80882965
194514398
103358505
36992966
283752488
225149079
275387751
260604473
209918204
175563097
132687942
169338419
